Save log to 20170327_114156.txt
New...
Wait...
11:42:26.172 [PEN]  07 03 EB 05 87 04 BB 00 06 04 D1 DE 01 4E 0E AF 0C E8 07 A4 13 85 06 92 01 85 00 01 00 07 00 02 00 00 00 00 00 00 00 00 00 00 00 00 00 00 00 00 00 00 00 00 00 00 00 00 00 00 00 00 00 00 00 00 
11:42:26.177 [PEN]  07 03 EC 05 87 04 18 01 06 04 D1 DE 01 6E 0F 9B 0D CE 07 BE 14 55 06 BC 01 85 00 01 00 07 00 02 00 00 00 00 00 00 00 00 00 00 00 00 00 00 00 00 00 00 00 00 00 00 00 00 00 00 00 00 00 00 00 00 
11:42:26.184 [PEN]  07 03 F1 05 87 04 52 01 06 04 D1 DE 01 50 0F 3E 0D 7B 07 2C 13 33 06 04 01 85 00 01 00 07 00 02 00 00 00 00 00 00 00 00 00 00 00 00 00 00 00 00 00 00 00 00 00 00 00 00 00 00 00 00 00 00 00 00 
11:42:26.187 [PEN]  07 03 F5 05 87 04 75 01 06 04 D1 DE 01 5E 10 33 0E 43 07 35 13 5B 06 14 01 85 00 01 00 07 00 02 00 00 00 00 00 00 00 00 00 00 00 00 00 00 00 00 00 00 00 00 00 00 00 00 00 00 00 00 00 00 00 00 
11:42:26.192 [PEN]  07 03 F8 05 87 04 88 01 06 04 D1 DE 01 71 0F 98 0D C7 07 39 12 98 06 0A 01 85 00 01 00 07 00 02 00 00 00 00 00 00 00 00 00 00 00 00 00 00 00 00 00 00 00 00 00 00 00 00 00 00 00 00 00 00 00 00 
11:42:26.197 [PEN]  07 03 FA 05 87 04 92 01 06 04 D1 DE 01 56 0E 9D 0C F1 06 D2 12 A7 05 A7 01 85 00 01 00 07 00 02 00 00 00 00 00 00 00 00 00 00 00 00 00 00 00 00 00 00 00 00 00 00 00 00 00 00 00 00 00 00 00 00 
11:42:26.202 [PEN]  07 03 FF 05 87 04 99 01 06 04 D1 DE 01 75 10 A6 0E B8 06 F9 11 F5 06 25 01 85 00 01 00 07 00 02 00 00 00 00 00 00 00 00 00 00 00 00 00 00 00 00 00 00 00 00 00 00 00 00 00 00 00 00 00 00 00 00 
11:42:26.207 [PEN]  07 03 03 06 87 04 9C 01 06 04 D1 DE 01 75 10 40 0E 6A 07 25 13 16 06 28 01 85 00 01 00 07 00 02 00 00 00 00 00 00 00 00 00 00 00 00 00 00 00 00 00 00 00 00 00 00 00 00 00 00 00 00 00 00 00 00 
11:42:26.212 [PEN]  07 03 10 06 87 04 9E 01 06 04 D1 DE 01 60 10 46 0E 66 06 7B 10 C4 05 95 01 85 00 01 00 07 00 02 00 00 00 00 00 00 00 00 00 00 00 00 00 00 00 00 00 00 00 00 00 00 00 00 00 00 00 00 00 00 00 00 
11:42:26.217 [PEN]  07 03 20 06 87 04 9E 01 06 04 D1 DE 01 73 0F 2B 0D 71 07 67 13 2C 06 66 01 85 00 01 00 07 00 02 00 00 00 00 00 00 00 00 00 00 00 00 00 00 00 00 00 00 00 00 00 00 00 00 00 00 00 00 00 00 00 00 
11:42:26.222 [PEN]  07 03 30 06 87 04 9C 01 06 04 D1 DE 01 63 0F 99 0D C8 07 0F 12 40 06 35 01 85 00 01 00 07 00 02 00 00 00 00 00 00 00 00 00 00 00 00 00 00 00 00 00 00 00 00 00 00 00 00 00 00 00 00 00 00 00 00 
11:42:26.227 [PEN]  07 03 40 06 87 04 9A 01 06 04 D1 DE 01 73 10 2A 0E 4A 06 9F 11 9E 05 CA 01 85 00 01 00 07 00 02 00 00 00 00 00 00 00 00 00 00 00 00 00 00 00 00 00 00 00 00 00 00 00 00 00 00 00 00 00 00 00 00 
11:42:26.232 [PEN]  07 03 50 06 87 04 99 01 06 04 D1 DE 01 4E 0F 82 0D B3 06 F8 12 40 06 27 01 85 00 01 00 07 00 02 00 00 00 00 00 00 00 00 00 00 00 00 00 00 00 00 00 00 00 00 00 00 00 00 00 00 00 00 00 00 00 00 
11:42:26.237 [PEN]  07 03 60 06 87 04 96 01 06 04 D1 DE 01 6A 0F 9A 0D D5 06 71 11 FA 05 B8 01 85 00 01 00 07 00 02 00 00 00 00 00 00 00 00 00 00 00 00 00 00 00 00 00 00 00 00 00 00 00 00 00 00 00 00 00 00 00 00 
11:42:26.242 [PEN]  07 03 70 06 87 04 94 01 06 04 D1 DE 01 76 10 15 0E 44 06 A5 11 3B 05 D4 01 85 00 01 00 07 00 02 00 00 00 00 00 00 00 00 00 00 00 00 00 00 00 00 00 00 00 00 00 00 00 00 00 00 00 00 00 00 00 00 
11:42:26.247 [PEN]  07 03 80 06 87 04 94 01 06 04 D1 DE 01 4E 0F 8E 0D D6 06 AD 11 6B 05 CF 01 85 00 01 00 07 00 02 00 00 00 00 00 00 00 00 00 00 00 00 00 00 00 00 00 00 00 00 00 00 00 00 00 00 00 00 00 00 00 00 
11:42:26.252 [PEN]  07 03 90 06 87 04 94 01 06 04 D1 DE 01 6B 0F 3A 0D 88 06 AD 12 65 05 C7 01 85 00 01 00 07 00 02 00 00 00 00 00 00 00 00 00 00 00 00 00 00 00 00 00 00 00 00 00 00 00 00 00 00 00 00 00 00 00 00 
Display END.
[PEN_MaxXY] = (  13568  , 8448 ) , [FINGER_MaxXY] = ( 4096 , 4096 ) 
[Finger  inputReportLength] = 61
[PEN  inputReportLength] = 32
[PEN_MaxTipPressure] = 2048 
